157314
167796
159542
175494
159848
159976
157742
143350
139608
148974
130162
130902
147296
131764
130228
140880
130162
141824
124072
130228
123856
47852
49738
48612
155124
137124
148044
122508
136306
134402
151430
122364
135664
128584
131610
123036
142626
125558
157054
156982
140020
137986
140478
137576
137986
140020
162758
142188
143714
157654
157966
159390
162234
162758
160272
125780
179166
180230
128584
164424
129700
177408
178308
163970
164424
48518
150182
41890
47996
47812
52888
175860
159476
160418
139958
133996
134380
55192
144754
154816
149266
161158
174140
49972
49040
55192
48862
51714
148974
53262
159958
175860
173552
155400
147330
163534
161158
143164
142404
159266
175494
173094
155124
161416
47996
137950
137950
138356
137950
46380
24932
39650
25114
48016
44290
30032
124828
44250
154816
156844
137160
80076
81372
80666
79076
152764
154816
47030
125728
31416
41642
52888
54764
136958
138490
32516
57304
38550
57930
71484
130040
65046
132074
67798
184280
127056
127452
129878
190256
129970
132074
37956
34254
54764
130966
132940
67574
191630
62290
63758
154492
156028
183190
132264
192362
133354
51328
192362
184038
187682
154772
134362
134594
66958
31812
16848
15612
33142
16470
134362
137950
88368
138122
70712
89462
16068
16848
18442
35896
70306
16184
16958
52798
66476
34592
134520
89462
125610
125552
134362
18442
32252
33992
32306
34562
34592
36930
21716
21936
65022
65602
58330
58400
