-1016 -2276 3292
-1016 -2392 3408
-1083 -1330 2413
-1083 -1602 2685
-1083 -1659 2742
-1083 -1816 2899
-1083 -1944 3027
-1084 -1968 3052
-1084 -2101 3185
-1103 -2392 3495
-1114 -1330 2444
-1134 -1330 2464
-1134 -1602 2736
-1134 -1659 2793
-1134 -1944 3078
-1177 -1944 3121
-1236 -1492 2728
-1251 -1602 2853
-1251 -1944 3195
-1274 -1976 3250
-1274 -2029 3303
-1289 606 1895
-1289 633 1922
-1289 727 2016
-1366 -1602 2968
-1366 -2068 3434
-1399 -1602 3001
-1432 -2068 3500
-1432 -2392 3824
-1495 -2105 3600
-1515 -1602 3117
-1520 -1259 2779
-1520 -1325 2845
-1520 -1357 2877
-1520 -1427 2947
-1568 -1489 3057
-1568 -1602 3170
-1568 -2207 3775
-1581 -1161 2742
-1660 -1771 3431
-1660 -1846 3506
-1669 -2029 3698
-1669 -2281 3950
-1705 -1489 3194
-1726 -1905 3631
-1726 -2000 3726
-1782 -1489 3271
-1885 -1905 3790
-1885 -2000 3885
-1898 -1161 3059
-1904 -1161 3065
-1904 -1489 3393
-1989 -1161 3150
-2111 -1662 3773
-2111 -1723 3834
-2111 -2041 4152
-2116 -1905 4021
-2116 -2000 4116
-2141 -1161 3302
-2154 -1161 3315
-2209 -1161 3370
-2293 -1905 4198
-2293 -2000 4293
-2366 -1161 3527
-2449 -904 3353
-328 928 1256
-366 -2888 3254
-540 0 540
-540 185 725
-540 276 816
-540 349 889
-546 -1908 2454
-561 -1650 2211
-561 -2056 2617
-561 -2101 2662
-63 -2328 2391
-63 -2506 2569
-641 928 1569
-690 -2276 2966
-690 -2578 3268
-690 -2754 3444
-692 -1779 2471
-692 -1908 2600
-75 185 260
-75 276 351
-75 349 424
-75 461 536
-75 878 953
-795 -2426 3221
-799 928 1727
-809 -1968 2777
-809 -2056 2865
-809 -2085 2894
-809 -2101 2910
-872 -1968 2840
-872 -2056 2928
-872 -2085 2957
-872 -2101 2973
-872 -2426 3298
-884 -1968 2852
-884 -2056 2940
-884 -2085 2969
-884 -2101 2985
-90 -1779 1869
103 438 541
1081 -1475 2556
126 -2328 2454
126 -2506 2632
1365 -1179 2544
14 438 452
1412 457 1869
1412 767 2179
1448 402 1850
146 349 495
1468 402 1870
1473 402 1875
1623 -1179 2802
1624 402 2026
179 -2888 3067
179 -2926 3105
1814 -1179 2993
1814 -1600 3414
1824 -1724 3548
1833 -1724 3557
1873 -1724 3597
189 -3066 3255
189 -3217 3406
193 349 542
1992 -1260 3252
2020 402 2422
2043 402 2445
214 438 652
220 438 658
2247 -1819 4066
2247 -1912 4159
2266 98 2364
2402 -642 3044
2402 -649 3051
2402 -829 3231
2403 -2132 4535
2405 -1819 4224
2405 -1903 4308
2405 -1912 4317
2405 -2260 4665
2405 -2516 4921
2410 -1506 3916
2463 -1651 4114
2463 -1796 4259
2470 -2132 4602
2479 -1651 4130
2479 -1796 4275
2538 -488 3026
2538 -499 3037
255 217 472
2689 -1651 4340
2689 -1796 4485
2693 -2717 5410
2834 -2803 5637
2942 -1651 4593
2942 -1796 4738
296 -3066 3362
296 -3217 3513
2986 -1807 4793
2986 -2003 4989
2994 -3018 6012
3021 -1796 4817
317 217 534
3194 -3165 6359
3196 -2021 5217
3196 -2200 5396
33 -3066 3099
39 -2328 2367
39 -2506 2545
406 375 781
409 134 543
409 217 626
409 758 1167
409 796 1205
409 815 1224
470 -1533 2003
470 -1823 2293
470 -2035 2505
520 -2506 3026
570 -1186 1756
606 -2506 3112
619 0 619
619 34 653
626 758 1384
626 796 1422
646 -1186 1832
656 0 656
656 34 690
656 375 1031
679 375 1054
679 566 1245
693 -1475 2168
716 -2611 3327
716 -2747 3463
716 -3066 3782
741 -1475 2216
781 802 1583
796 614 1410
796 796 1592
872 614 1486
872 796 1668
913 614 1527
913 796 1709
933 0 933
933 34 967
968 -125 1093
968 -182 1150
968 -201 1169
968 188 1156
